  0
 1 0
1   0
 1 0
  0 
  0110100001100101001000000110011001101100011000010110011100100000011001100110111101110010
  001000000111010001101000011010010111001100100000011011110110111001100101001000000110100101
  110      0110                                               0100                000
  011      0010                                               0011                010
  010      1101                                               1100                110
  111      1010                                               1001                001 
  000      0010                                               1010                111
  010      100                                                 100                010
  0        0                                                     0                  1
