750
1086
928
2216
3537
1550
1468
2033
928
643
141
75
335
755
953
514
620
2027
999
60
1653
227
1410
1951
878
732
1769
587
931
3193
387
715
2079
19
345
1491
670
23
184
2124
736
3495
2965
1431
358
750
1086
928
2216
3537
1550
1468
2033
928
643
141
75
|
335
755
953
514
620
2027
999
60
1653
227
1410
1951
878
732
1769
587
931
3193
387
715
2079
19
345
1491
670
23
184
2124
736
3495
2965
1431
358
598
1816
264
441
930
767
3258
1172
776
2651
17
7
554
940
401
1827
473
693
2747
1860
249
421
2198
2108
136
1486
2
1434
1496
2095
879
63
640
2145
1023
360
152
2980
113
1460
1963
74
2234
12
157
360
446
287
1199
412
145
1868
527
812
598
1816
264
441
930
767
3258
1172
776
2651
17
7
554
940
401
1827
473
693
2747
1860
249
421
2198
2108
136
1486
2
1434
1496
2095
879
63
640
2145
1023
360
152
2980
113
1460
1963
74
2234
12
157
360
446
287
1199
412
145
1868
527
812
